0.000000 -3.789599
0.025000 -3.737317
0.050000 -3.684983
0.075000 -3.632602
0.100000 -3.580175
0.125000 -3.527704
0.150000 -3.475193
0.175000 -3.422644
0.200000 -3.370058
0.225000 -3.317439
0.250000 -3.264790
0.275000 -3.212111
0.300000 -3.159407
0.325000 -3.106678
0.350000 -3.053929
0.375000 -3.001160
0.400000 -2.948375
0.425000 -2.895576
0.450000 -2.842764
0.475000 -2.789943
0.500000 -2.737115
0.525000 -2.684281
0.550000 -2.631445
0.575000 -2.578607
0.600000 -2.525772
0.625000 -2.472940
0.650000 -2.420115
0.675000 -2.367297
0.700000 -2.314490
0.725000 -2.261695
0.750000 -2.208915
0.775000 -2.156151
0.800000 -2.103406
0.825000 -2.050682
0.850000 -1.997980
0.875000 -1.945302
0.900000 -1.892652
0.925000 -1.840029
0.950000 -1.787437
0.975000 -1.734877
1.000000 -1.682351
1.025000 -1.629861
1.050000 -1.577409
1.075000 -1.524996
1.100000 -1.472624
1.125000 -1.420294
1.150000 -1.368010
1.175000 -1.315771
1.200000 -1.263580
1.225000 -1.211438
1.250000 -1.159347
1.275000 -1.107309
1.300000 -1.055324
1.325000 -1.003394
1.350000 -0.951521
1.375000 -0.899706
1.400000 -0.847950
1.425000 -0.796256
1.450000 -0.744623
1.475000 -0.693053
1.500000 -0.641548
1.525000 -0.590108
1.550000 -0.538735
1.575000 -0.487431
1.600000 -0.436195
1.625000 -0.385029
1.650000 -0.333934
1.675000 -0.282911
1.700000 -0.231962
1.725000 -0.181086
1.750000 -0.130285
1.775000 -0.079559
1.800000 -0.028910
1.825000 0.021662
1.850000 0.072156
1.875000 0.122571
1.900000 0.172907
1.925000 0.223163
1.950000 0.273339
1.975000 0.323433
2.000000 0.373446
2.025000 0.423377
2.050000 0.473225
2.075000 0.522991
2.100000 0.572673
2.125000 0.622271
2.150000 0.671785
2.175000 0.721215
2.200000 0.770561
2.225000 0.819821
2.250000 0.868997
2.275000 0.918088
2.300000 0.967093
2.325000 1.016014
2.350000 1.064849
2.375000 1.113599
2.400000 1.162263
2.425000 1.210843
2.450000 1.259337
2.475000 1.307746
2.500000 1.356071
2.525000 1.404311
2.550000 1.452467
2.575000 1.500539
2.600000 1.548527
2.625000 1.596432
2.650000 1.644254
2.675000 1.691993
2.700000 1.739650
2.725000 1.787226
2.750000 1.834720
2.775000 1.882134
2.800000 1.929468
2.825000 1.976722
2.850000 2.023898
2.875000 2.070996
2.900000 2.118016
2.925000 2.164960
2.950000 2.211828
2.975000 2.258621
3.000000 2.305340
3.025000 2.351986
3.050000 2.398560
3.075000 2.445062
3.100000 2.491495
3.125000 2.537857
3.150000 2.584152
3.175000 2.630380
3.200000 2.676541
3.225000 2.722638
3.250000 2.768671
3.275000 2.814642
3.300000 2.860552
3.325000 2.906403
3.350000 2.952194
3.375000 2.997929
3.400000 3.043609
3.425000 3.089234
3.450000 3.134807
3.475000 3.180329
3.500000 3.225801
3.525000 3.271225
3.550000 3.316604
3.575000 3.361938
3.600000 3.407230
3.625000 3.452480
3.650000 3.497692
3.675000 3.542866
3.700000 3.588006
3.725000 3.633112
3.750000 3.678187
3.775000 3.723233
3.800000 3.768251
3.825000 3.813245
3.850000 3.858217
3.875000 3.903168
3.900000 3.948101
3.925000 3.993019
3.950000 4.037923
3.975000 4.082817
4.000000 4.127702
4.025000 4.172582
4.050000 4.217459
4.075000 4.262336
4.100000 4.307216
4.125000 4.352101
4.150000 4.396995
4.175000 4.441900
4.200000 4.486820
4.225000 4.531758
4.250000 4.576716
4.275000 4.621699
4.300000 4.666710
4.325000 4.711752
4.350000 4.756828
4.375000 4.801943
4.400000 4.847101
4.425000 4.892304
4.450000 4.937557
4.475000 4.982865
4.500000 5.028231
4.525000 5.073659
4.550000 5.119154
4.575000 5.164721
4.600000 5.210364
4.625000 5.256087
4.650000 5.301897
4.675000 5.347797
4.700000 5.393794
4.725000 5.439892
4.750000 5.486097
4.775000 5.532415
4.800000 5.578851
4.825000 5.625411
4.850000 5.672103
4.875000 5.718931
4.900000 5.765903
4.925000 5.813026
4.950000 5.860306
4.975000 5.907751
5.000000 5.955369
5.025000 6.003167
5.050000 6.051153
5.075000 6.099335
5.100000 6.147722
5.125000 6.196323
5.150000 6.245148
5.175000 6.294204
5.200000 6.343504
5.225000 6.393055
5.250000 6.442870
5.275000 6.492960
5.300000 6.543335
5.325000 6.594007
5.350000 6.644989
5.375000 6.696293
5.400000 6.747933
5.425000 6.799923
5.450000 6.852276
5.475000 6.905008
5.500000 6.958135
5.525000 7.011672
5.550000 7.065636
5.575000 7.120045
5.600000 7.174917
5.625000 7.230272
5.650000 7.286130
5.675000 7.342510
5.700000 7.399436
5.725000 7.456929
5.750000 7.515014
5.775000 7.573717
5.800000 7.633062
5.825000 7.693077
5.850000 7.753792
5.875000 7.815236
5.900000 7.877441
5.925000 7.940440
5.950000 8.004269
5.975000 8.068963
6.000000 8.134562
6.025000 8.201107
6.050000 8.268640
6.075000 8.337207
6.100000 8.406855
6.125000 8.477635
6.150000 8.549601
6.175000 8.622807
6.200000 8.697315
6.225000 8.773187
6.250000 8.850490
6.275000 8.929295
6.300000 9.009677
6.325000 9.091716
6.350000 9.175498
6.375000 9.261112
6.400000 9.348656
6.425000 9.438231
6.450000 9.529949
6.475000 9.623924
6.500000 9.720284
6.525000 9.819162
6.550000 9.920702
6.575000 10.025058
6.600000 10.132395
6.625000 10.242891
6.650000 10.356739
6.675000 10.474144
6.700000 10.595330
6.725000 10.720537
6.750000 10.850027
6.775000 10.984081
6.800000 11.123006
6.825000 11.267137
6.850000 11.416835
6.875000 11.572496
6.900000 11.734554
6.925000 11.903480
6.950000 12.079794
6.975000 12.264066
7.000000 12.456922
7.025000 12.659054
7.050000 12.871226
7.075000 13.094285
7.100000 13.329169
7.125000 13.576925
7.150000 13.838718
7.175000 14.115853
7.200000 14.409793
7.225000 14.722180
7.250000 15.054870
7.275000 15.409960
7.300000 15.789829
7.325000 16.197184
7.350000 16.635117
7.375000 17.107169
7.400000 17.617411
7.425000 18.170541
7.450000 18.771995
7.475000 19.428089
7.500000 20.146185
7.525000 20.934894
7.550000 21.804318
7.575000 22.766343
7.600000 23.834980
7.625000 25.026769
7.650000 26.361242
7.675000 27.861425
7.700000 29.554356
7.725000 31.471542
7.750000 33.649228
7.775000 36.128225
7.800000 38.952905
7.825000 42.168713
7.850000 45.817238
7.875000 49.927663
7.900000 54.503537
7.925000 59.505108
7.950000 64.830584
7.975000 70.304532
8.000000 75.685059
8.025000 80.697845
8.050000 85.091698
8.075000 88.694128
8.100000 91.441375
8.125000 93.371631
8.150000 94.591192
8.175000 95.233876
8.200000 95.429722
8.225000 95.288371
8.250000 94.894507
8.275000 94.310183
8.300000 93.579696
8.325000 92.734523
8.350000 91.797331
8.375000 90.784875
8.400000 89.709965
8.425000 88.582754
8.450000 87.411556
8.475000 86.203368
8.500000 84.964212
8.525000 83.699342
8.550000 82.413394
8.575000 81.110486
8.600000 79.794285
8.625000 78.468060
8.650000 77.134728
8.675000 75.796884
8.700000 74.456833
8.725000 73.116612
8.750000 71.778016
8.775000 70.442617
8.800000 69.111785
8.825000 67.786704
8.850000 66.468388
8.875000 65.157700
8.900000 63.855360
8.925000 62.561965
8.950000 61.277994
8.975000 60.003824
9.000000 58.739736
9.025000 57.485928
9.050000 56.242517
9.075000 55.009550
9.100000 53.787005
9.125000 52.574798
9.150000 51.372786
9.175000 50.180766
9.200000 48.998476
9.225000 47.825595
9.250000 46.661738
9.275000 45.506456
9.300000 44.359227
9.325000 43.219453
9.350000 42.086450
9.375000 40.959440
9.400000 39.837542
9.425000 38.719764
9.450000 37.604988
9.475000 36.491962
9.500000 35.379290
9.525000 34.265418
9.550000 33.148628
9.575000 32.027027
9.600000 30.898541
9.625000 29.760912
9.650000 28.611701
9.675000 27.448287
9.700000 26.267890
9.725000 25.067588
9.750000 23.844359
9.775000 22.595139
9.800000 21.316899
9.825000 20.006759
9.850000 18.662139
9.875000 17.280951
9.900000 15.861850
9.925000 14.404536
9.950000 12.910113
9.975000 11.381492
10.000000 9.823809
10.025000 8.244811
10.050000 6.655139
10.075000 5.068423
10.100000 3.501074
10.125000 1.971691
10.150000 0.500052
10.175000 -0.894271
10.200000 -2.193509
10.225000 -3.383234
10.250000 -4.453575
10.275000 -5.399852
10.300000 -6.222548
10.325000 -6.926674
10.350000 -7.520722
10.375000 -8.015445
10.400000 -8.422702
10.425000 -8.754489
10.450000 -9.022239
10.475000 -9.236387
10.500000 -9.406144
10.525000 -9.539442
10.550000 -9.642980
10.575000 -9.722334
10.600000 -9.782091
10.625000 -9.825997
10.650000 -9.857091
10.675000 -9.877825
10.700000 -9.890174
10.725000 -9.895725
10.750000 -9.895754
10.775000 -9.891281
10.800000 -9.883127
10.825000 -9.871951
10.850000 -9.858282
10.875000 -9.842546
10.900000 -9.825086
10.925000 -9.806178
10.950000 -9.786046
10.975000 -9.764871
11.000000 -9.742799
11.025000 -9.719949
11.050000 -9.696419
11.075000 -9.672286
11.100000 -9.647617
11.125000 -9.622462
11.150000 -9.596865
11.175000 -9.570862
11.200000 -9.544482
11.225000 -9.517748
11.250000 -9.490680
11.275000 -9.463294
11.300000 -9.435605
11.325000 -9.407622
11.350000 -9.379355
11.375000 -9.350811
11.400000 -9.321998
11.425000 -9.292920
11.450000 -9.263581
11.475000 -9.233985
11.500000 -9.204136
11.525000 -9.174036
11.550000 -9.143686
11.575000 -9.113089
11.600000 -9.082246
11.625000 -9.051159
11.650000 -9.019828
11.675000 -8.988254
11.700000 -8.956439
11.725000 -8.924382
11.750000 -8.892085
11.775000 -8.859548
11.800000 -8.826772
11.825000 -8.793756
11.850000 -8.760501
11.875000 -8.727009
11.900000 -8.693278
11.925000 -8.659310
11.950000 -8.625104
11.975000 -8.590662
12.000000 -8.555983
12.025000 -8.521068
12.050000 -8.485918
12.075000 -8.450532
12.100000 -8.414911
12.125000 -8.379056
12.150000 -8.342967
12.175000 -8.306645
12.200000 -8.270090
12.225000 -8.233302
12.250000 -8.196283
12.275000 -8.159033
12.300000 -8.121552
12.325000 -8.083841
12.350000 -8.045901
12.375000 -8.007733
12.400000 -7.969337
12.425000 -7.930714
12.450000 -7.891865
12.475000 -7.852791
12.500000 -7.813493
12.525000 -7.773971
12.550000 -7.734226
12.575000 -7.694260
12.600000 -7.654073
12.625000 -7.613667
12.650000 -7.573043
12.675000 -7.532201
12.700000 -7.491142
12.725000 -7.449869
12.750000 -7.408382
12.775000 -7.366682
12.800000 -7.324770
12.825000 -7.282649
12.850000 -7.240319
12.875000 -7.197781
12.900000 -7.155037
12.925000 -7.112088
12.950000 -7.068936
12.975000 -7.025583
13.000000 -6.982029
13.025000 -6.938276
13.050000 -6.894326
13.075000 -6.850181
13.100000 -6.805842
13.125000 -6.761310
13.150000 -6.716587
13.175000 -6.671676
13.200000 -6.626577
13.225000 -6.581293
13.250000 -6.535826
13.275000 -6.490176
13.300000 -6.444347
13.325000 -6.398339
13.350000 -6.352155
13.375000 -6.305796
13.400000 -6.259266
13.425000 -6.212565
13.450000 -6.165695
13.475000 -6.118659
13.500000 -6.071459
13.525000 -6.024096
13.550000 -5.976573
13.575000 -5.928893
13.600000 -5.881056
13.625000 -5.833065
13.650000 -5.784923
13.675000 -5.736631
13.700000 -5.688192
13.725000 -5.639608
13.750000 -5.590881
13.775000 -5.542014
13.800000 -5.493009
13.825000 -5.443867
13.850000 -5.394593
13.875000 -5.345187
13.900000 -5.295652
13.925000 -5.245990
13.950000 -5.196205
13.975000 -5.146297
14.000000 -5.096271
14.025000 -5.046127
14.050000 -4.995869
14.075000 -4.945499
14.100000 -4.895019
14.125000 -4.844433
14.150000 -4.793741
14.175000 -4.742948
14.200000 -4.692054
14.225000 -4.641064
14.250000 -4.589979
14.275000 -4.538801
14.300000 -4.487534
14.325000 -4.436180
14.350000 -4.384741
14.375000 -4.333220
14.400000 -4.281619
14.425000 -4.229941
14.450000 -4.178189
14.475000 -4.126365
14.500000 -4.074471
14.525000 -4.022510
14.550000 -3.970485
14.575000 -3.918397
14.600000 -3.866251
14.625000 -3.814047
14.650000 -3.761789
14.675000 -3.709479
14.700000 -3.657120
14.725000 -3.604714
14.750000 -3.552263
14.775000 -3.499771
14.800000 -3.447239
14.825000 -3.394670
14.850000 -3.342067
14.875000 -3.289431
14.900000 -3.236766
14.925000 -3.184073
14.950000 -3.131356
14.975000 -3.078616
15.000000 -3.025856
15.025000 -2.973078
15.050000 -2.920285
15.075000 -2.867479
15.100000 -2.814662
15.125000 -2.761837
15.150000 -2.709005
15.175000 -2.656170
15.200000 -2.603333
15.225000 -2.550496
15.250000 -2.497663
15.275000 -2.444834
15.300000 -2.392013
15.325000 -2.339200
15.350000 -2.286399
15.375000 -2.233612
15.400000 -2.180840
15.425000 -2.128086
15.450000 -2.075352
15.475000 -2.022639
15.500000 -1.969950
15.525000 -1.917286
15.550000 -1.864650
15.575000 -1.812044
15.600000 -1.759469
15.625000 -1.706927
15.650000 -1.654420
15.675000 -1.601949
15.700000 -1.549518
15.725000 -1.497126
15.750000 -1.444777
15.775000 -1.392471
15.800000 -1.340211
15.825000 -1.287997
15.850000 -1.235832
15.875000 -1.183717
15.900000 -1.131654
15.925000 -1.079644
15.950000 -1.027688
15.975000 -0.975788
16.000000 -0.923946
16.025000 -0.872162
16.050000 -0.820439
16.075000 -0.768777
16.100000 -0.717177
16.125000 -0.665642
16.150000 -0.614171
16.175000 -0.562767
16.200000 -0.511431
16.225000 -0.460162
16.250000 -0.408963
16.275000 -0.357835
16.300000 -0.306779
16.325000 -0.255795
16.350000 -0.204884
16.375000 -0.154048
16.400000 -0.103287
16.425000 -0.052602
16.450000 -0.001994
16.475000 0.048537
16.500000 0.098989
16.525000 0.149362
16.550000 0.199656
16.575000 0.249869
16.600000 0.300001
16.625000 0.350053
16.650000 0.400022
16.675000 0.449909
16.700000 0.499713
16.725000 0.549434
16.750000 0.599072
16.775000 0.648625
16.800000 0.698095
16.825000 0.747480
16.850000 0.796780
16.875000 0.845996
16.900000 0.895126
16.925000 0.944172
16.950000 0.993132
16.975000 1.042007
17.000000 1.090796
17.025000 1.139501
17.050000 1.188120
17.075000 1.236654
17.100000 1.285103
17.125000 1.333468
17.150000 1.381747
17.175000 1.429943
17.200000 1.478054
17.225000 1.526081
17.250000 1.574025
17.275000 1.621885
17.300000 1.669663
17.325000 1.717359
17.350000 1.764972
17.375000 1.812505
17.400000 1.859956
17.425000 1.907327
17.450000 1.954619
17.475000 2.001831
17.500000 2.048966
17.525000 2.096022
17.550000 2.143002
17.575000 2.189905
17.600000 2.236733
17.625000 2.283487
17.650000 2.330167
17.675000 2.376775
17.700000 2.423310
17.725000 2.469775
17.750000 2.516170
17.775000 2.562497
17.800000 2.608756
17.825000 2.654948
17.850000 2.701075
17.875000 2.747138
17.900000 2.793138
17.925000 2.839076
17.950000 2.884954
17.975000 2.930773
18.000000 2.976534
18.025000 3.022240
18.050000 3.067890
18.075000 3.113487
18.100000 3.159033
18.125000 3.204528
18.150000 3.249975
18.175000 3.295374
18.200000 3.340729
18.225000 3.386040
18.250000 3.431310
18.275000 3.476539
18.300000 3.521731
18.325000 3.566887
18.350000 3.612008
18.375000 3.657097
18.400000 3.702157
18.425000 3.747188
18.450000 3.792193
18.475000 3.837175
18.500000 3.882135
18.525000 3.927076
18.550000 3.972001
18.575000 4.016911
18.600000 4.061809
18.625000 4.106698
18.650000 4.151581
18.675000 4.196459
18.700000 4.241336
18.725000 4.286214
18.750000 4.331096
18.775000 4.375985
18.800000 4.420885
18.825000 4.465797
18.850000 4.510726
18.875000 4.555675
18.900000 4.600646
18.925000 4.645643
18.950000 4.690670
18.975000 4.735730
19.000000 4.780827
19.025000 4.825964
19.050000 4.871145
19.075000 4.916374
19.100000 4.961656
19.125000 5.006994
19.150000 5.052392
19.175000 5.097856
19.200000 5.143388
19.225000 5.188995
19.250000 5.234680
19.275000 5.280449
19.300000 5.326306
19.325000 5.372257
19.350000 5.418307
19.375000 5.464461
19.400000 5.510726
19.425000 5.557105
19.450000 5.603607
19.475000 5.650236
19.500000 5.697000
19.525000 5.743904
19.550000 5.790955
19.575000 5.838161
19.600000 5.885528
19.625000 5.933064
19.650000 5.980777
19.675000 6.028673
19.700000 6.076763
19.725000 6.125053
19.750000 6.173553
19.775000 6.222272
19.800000 6.271218
19.825000 6.320403
19.850000 6.369835
19.875000 6.419526
19.900000 6.469485
19.925000 6.519725
19.950000 6.570257
19.975000 6.621092
20.000000 6.672244
20.025000 6.723725
20.050000 6.775550
20.075000 6.827731
20.100000 6.880284
20.125000 6.933224
20.150000 6.986567
20.175000 7.040329
20.200000 7.094527
20.225000 7.149181
20.250000 7.204307
20.275000 7.259927
20.300000 7.316060
20.325000 7.372728
20.350000 7.429953
20.375000 7.487758
20.400000 7.546168
20.425000 7.605209
20.450000 7.664907
20.475000 7.725291
20.500000 7.786390
20.525000 7.848235
20.550000 7.910858
20.575000 7.974294
20.600000 8.038579
20.625000 8.103750
20.650000 8.169847
20.675000 8.236912
20.700000 8.304989
20.725000 8.374125
20.750000 8.444369
20.775000 8.515773
20.800000 8.588392
20.825000 8.662283
20.850000 8.737508
20.875000 8.814133
20.900000 8.892226
20.925000 8.971860
20.950000 9.053114
20.975000 9.136069
21.000000 9.220814
21.025000 9.307443
21.050000 9.396054
21.075000 9.486755
21.100000 9.579659
21.125000 9.674887
21.150000 9.772569
21.175000 9.872845
21.200000 9.975863
21.225000 10.081783
21.250000 10.190779
21.275000 10.303033
21.300000 10.418747
21.325000 10.538135
21.350000 10.661429
21.375000 10.788881
21.400000 10.920762
21.425000 11.057368
21.450000 11.199020
21.475000 11.346065
21.500000 11.498884
21.525000 11.657893
21.550000 11.823543
21.575000 11.996332
21.600000 12.176806
21.625000 12.365563
21.650000 12.563264
21.675000 12.770637
21.700000 12.988490
21.725000 13.217717
21.750000 13.459313
21.775000 13.714384
21.800000 13.984167
21.825000 14.270050
21.850000 14.573587
21.875000 14.896531
21.900000 15.240861
21.925000 15.608818
21.950000 16.002951
21.975000 16.426163
22.000000 16.881776
22.025000 17.373603
22.050000 17.906035
22.075000 18.484146
22.100000 19.113822
22.125000 19.801913
22.150000 20.556418
22.175000 21.386708
22.200000 22.303794
22.225000 23.320646
22.250000 24.452567
22.275000 25.717629
22.300000 27.137157
22.325000 28.736250
22.350000 30.544273
22.375000 32.595243
22.400000 34.927896
22.425000 37.585138
22.450000 40.612352
22.475000 44.053745
22.500000 47.945650
22.525000 52.305573
22.550000 57.116424
22.575000 62.307572
22.600000 67.738575
22.625000 73.196112
22.650000 78.415094
22.675000 83.125949
22.700000 87.113556
22.725000 90.261877
22.750000 92.564395
22.775000 94.100658
22.800000 94.996320
22.825000 95.386154
22.850000 95.390534
22.875000 95.105832
22.900000 94.604162
22.925000 93.937480
22.950000 93.142696
22.975000 92.246175
23.000000 91.267141
23.025000 90.220054
23.050000 89.116186
23.075000 87.964630
23.100000 86.772949
23.125000 85.547588
23.150000 84.294138
23.175000 83.017512
23.200000 81.722059
23.225000 80.411648
23.250000 79.089729
23.275000 77.759381
23.300000 76.423345
23.325000 75.084058
23.350000 73.743678
23.375000 72.404113
23.400000 71.067035
23.425000 69.733908
23.450000 68.405999
23.475000 67.084401
23.500000 65.770046
23.525000 64.463718
23.550000 63.166071
23.575000 61.877636
23.600000 60.598839
23.625000 59.330004
23.650000 58.071366
23.675000 56.823080
23.700000 55.585224
23.725000 54.357809
23.750000 53.140778
23.775000 51.934018
23.800000 50.737351
23.825000 49.550544
23.850000 48.373303
23.875000 47.205275
23.900000 46.046041
23.925000 44.895114
23.950000 43.751931
23.975000 42.615850
24.000000 41.486138
24.025000 40.361965
24.050000 39.242390
24.075000 38.126356
24.100000 37.012676
24.125000 35.900023
24.150000 34.786916
24.175000 33.671716
24.200000 32.552613
24.225000 31.427619
24.250000 30.294561
24.275000 29.151086
24.300000 27.994655
24.325000 26.822561
24.350000 25.631945
24.375000 24.419825
24.400000 23.183149
24.425000 21.918860
24.450000 20.623991
24.475000 19.295801
24.500000 17.931945
24.525000 16.530694
24.550000 15.091219
24.575000 13.613919
24.600000 12.100807
24.625000 10.555927
24.650000 8.985759
24.675000 7.399566
24.700000 5.809585
24.725000 4.230972
24.750000 2.681404
24.775000 1.180259
24.800000 -0.252605
24.825000 -1.598372
24.850000 -2.840873
24.875000 -3.967986
24.900000 -4.972565
24.925000 -5.852722
24.950000 -6.611462
24.975000 -7.255792
25.000000 -7.795560
25.025000 -8.242243
25.050000 -8.607876
25.075000 -8.904225
25.100000 -9.142232
25.125000 -9.331697
25.150000 -9.481150
25.175000 -9.597854
25.200000 -9.687897
25.225000 -9.756310
25.250000 -9.807216
25.275000 -9.843967
25.300000 -9.869276
25.325000 -9.885330
25.350000 -9.893886
25.375000 -9.896358
25.400000 -9.893878
25.425000 -9.887356
25.450000 -9.877521
25.475000 -9.864960
25.500000 -9.850144
25.525000 -9.833452
25.550000 -9.815191
25.575000 -9.795607
25.600000 -9.774900
25.625000 -9.753231
25.650000 -9.730732
25.675000 -9.707509
25.700000 -9.683650
25.725000 -9.659224
25.750000 -9.634291
25.775000 -9.608896
25.800000 -9.583079
25.825000 -9.556872
25.850000 -9.530301
25.875000 -9.503387
25.900000 -9.476148
25.925000 -9.448599
25.950000 -9.420752
25.975000 -9.392617
26.000000 -9.364202
26.025000 -9.335514
26.050000 -9.306560
26.075000 -9.277342
26.100000 -9.247867
26.125000 -9.218136
26.150000 -9.188152
26.175000 -9.157919
26.200000 -9.127438
26.225000 -9.096710
26.250000 -9.065737
26.275000 -9.034520
26.300000 -9.003060
26.325000 -8.971357
26.350000 -8.939414
26.375000 -8.907229
26.400000 -8.874804
26.425000 -8.842140
26.450000 -8.809236
26.475000 -8.776093
26.500000 -8.742711
26.525000 -8.709092
26.550000 -8.675235
26.575000 -8.641140
26.600000 -8.606809
26.625000 -8.572241
26.650000 -8.537436
26.675000 -8.502396
26.700000 -8.467120
26.725000 -8.431609
26.750000 -8.395864
26.775000 -8.359884
26.800000 -8.323671
26.825000 -8.287225
26.850000 -8.250546
26.875000 -8.213635
26.900000 -8.176493
26.925000 -8.139120
26.950000 -8.101517
26.975000 -8.063684
27.000000 -8.025623
27.025000 -7.987333
27.050000 -7.948816
27.075000 -7.910073
27.100000 -7.871104
27.125000 -7.831911
27.150000 -7.792493
27.175000 -7.752853
27.200000 -7.712990
27.225000 -7.672906
27.250000 -7.632603
27.275000 -7.592080
27.300000 -7.551340
27.325000 -7.510383
27.350000 -7.469210
27.375000 -7.427822
27.400000 -7.386222
27.425000 -7.344409
27.450000 -7.302386
27.475000 -7.260153
27.500000 -7.217712
27.525000 -7.175065
27.550000 -7.132212
27.575000 -7.089155
27.600000 -7.045895
27.625000 -7.002435
27.650000 -6.958775
27.675000 -6.914918
27.700000 -6.870863
27.725000 -6.826615
27.750000 -6.782173
27.775000 -6.737539
27.800000 -6.692716
27.825000 -6.647705
27.850000 -6.602507
27.875000 -6.557125
27.900000 -6.511561
27.925000 -6.465815
27.950000 -6.419890
27.975000 -6.373789
28.000000 -6.327512
28.025000 -6.281061
28.050000 -6.234440
28.075000 -6.187649
28.100000 -6.140690
28.125000 -6.093567
28.150000 -6.046280
28.175000 -5.998832
28.200000 -5.951225
28.225000 -5.903460
28.250000 -5.855542
28.275000 -5.807470
28.300000 -5.759248
28.325000 -5.710877
28.350000 -5.662361
28.375000 -5.613701
28.400000 -5.564899
28.425000 -5.515958
28.450000 -5.466880
28.475000 -5.417668
28.500000 -5.368323
28.525000 -5.318848
28.550000 -5.269245
28.575000 -5.219517
28.600000 -5.169667
28.625000 -5.119696
28.650000 -5.069607
28.675000 -5.019402
28.700000 -4.969084
28.725000 -4.918655
28.750000 -4.868118
28.775000 -4.817475
28.800000 -4.766729
28.825000 -4.715882
28.850000 -4.664937
28.875000 -4.613896
28.900000 -4.562761
28.925000 -4.511536
28.950000 -4.460222
28.975000 -4.408822
29.000000 -4.357339
29.025000 -4.305776
29.050000 -4.254134
29.075000 -4.202416
29.100000 -4.150625
29.125000 -4.098763
29.150000 -4.046833
29.175000 -3.994838
29.200000 -3.942779
29.225000 -3.890660
29.250000 -3.838483
29.275000 -3.786250
29.300000 -3.733964
29.325000 -3.681628
29.350000 -3.629243
29.375000 -3.576813
29.400000 -3.524340
29.425000 -3.471826
29.450000 -3.419275
29.475000 -3.366687
29.500000 -3.314066
29.525000 -3.261414
29.550000 -3.208734
29.575000 -3.156028
29.600000 -3.103299
29.625000 -3.050548
29.650000 -2.997778
29.675000 -2.944992
29.700000 -2.892191
29.725000 -2.839379
29.750000 -2.786558
29.775000 -2.733729
29.800000 -2.680895
29.825000 -2.628058
29.850000 -2.575221
29.875000 -2.522386
29.900000 -2.469555
29.925000 -2.416730
29.950000 -2.363913
29.975000 -2.311106
30.000000 -2.258312
30.025000 -2.205533
30.050000 -2.152771
30.075000 -2.100027
30.100000 -2.047304
30.125000 -1.994603
30.150000 -1.941927
30.175000 -1.889278
30.200000 -1.836658
30.225000 -1.784068
30.250000 -1.731510
30.275000 -1.678986
30.300000 -1.626499
30.325000 -1.574049
30.350000 -1.521638
30.375000 -1.469269
30.400000 -1.416942
30.425000 -1.364660
30.450000 -1.312425
30.475000 -1.260237
30.500000 -1.208098
30.525000 -1.156011
30.550000 -1.103975
30.575000 -1.051994
30.600000 -1.000068
30.625000 -0.948199
30.650000 -0.896387
30.675000 -0.844636
30.700000 -0.792945
30.725000 -0.741316
30.750000 -0.689750
30.775000 -0.638249
30.800000 -0.586814
30.825000 -0.535445
30.850000 -0.484145
30.875000 -0.432914
30.900000 -0.381752
30.925000 -0.330662
30.950000 -0.279644
30.975000 -0.228699
31.000000 -0.177828
31.025000 -0.127032
31.050000 -0.076311
31.075000 -0.025667
31.100000 0.024900
31.125000 0.075389
31.150000 0.125799
31.175000 0.176130
31.200000 0.226381
31.225000 0.276552
31.250000 0.326641
31.275000 0.376649
31.300000 0.426574
31.325000 0.476417
31.350000 0.526177
31.375000 0.575854
31.400000 0.625447
31.425000 0.674956
31.450000 0.724380
31.475000 0.773720
31.500000 0.822976
31.525000 0.872146
31.550000 0.921231
31.575000 0.970231
31.600000 1.019146
31.625000 1.067976
31.650000 1.116720
31.675000 1.165379
31.700000 1.213953
31.725000 1.262442
31.750000 1.310846
31.775000 1.359165
31.800000 1.407400
31.825000 1.455550
31.850000 1.503617
31.875000 1.551600
31.900000 1.599499
31.925000 1.647316
31.950000 1.695050
31.975000 1.742702
32.000000 1.790272
32.025000 1.837761
32.050000 1.885170
32.075000 1.932498
32.100000 1.979748
32.125000 2.026919
32.150000 2.074011
32.175000 2.121027
32.200000 2.167966
32.225000 2.214829
32.250000 2.261618
32.275000 2.308332
32.300000 2.354973
32.325000 2.401542
32.350000 2.448040
32.375000 2.494468
32.400000 2.540826
32.425000 2.587117
32.450000 2.633340
32.475000 2.679497
32.500000 2.725590
32.525000 2.771619
32.550000 2.817586
32.575000 2.863493
32.600000 2.909339
32.625000 2.955127
32.650000 3.000858
32.675000 3.046534
32.700000 3.092156
32.725000 3.137726
32.750000 3.183244
32.775000 3.228713
32.800000 3.274135
32.825000 3.319511
32.850000 3.364842
32.875000 3.410131
32.900000 3.455379
32.925000 3.500588
32.950000 3.545760
32.975000 3.590897
33.000000 3.636001
33.025000 3.681074
33.050000 3.726118
33.075000 3.771136
33.100000 3.816128
33.125000 3.861098
33.150000 3.906048
33.175000 3.950980
33.200000 3.995897
33.225000 4.040800
33.250000 4.085693
33.275000 4.130578
33.300000 4.175458
33.325000 4.220335
33.350000 4.265212
33.375000 4.310092
33.400000 4.354978
33.425000 4.399872
33.450000 4.444778
33.475000 4.489699
33.500000 4.534638
33.525000 4.579598
33.550000 4.624583
33.575000 4.669596
33.600000 4.714640
33.625000 4.759719
33.650000 4.804836
33.675000 4.849996
33.700000 4.895203
33.725000 4.940459
33.750000 4.985771
33.775000 5.031140
33.800000 5.076573
33.825000 5.122072
33.850000 5.167644
33.875000 5.213292
33.900000 5.259021
33.925000 5.304836
33.950000 5.350742
33.975000 5.396745
34.000000 5.442850
34.025000 5.489062
34.050000 5.535387
34.075000 5.581831
34.100000 5.628400
34.125000 5.675099
34.150000 5.721937
34.175000 5.768919
34.200000 5.816051
34.225000 5.863342
34.250000 5.910798
34.275000 5.958427
34.300000 6.006236
34.325000 6.054235
34.350000 6.102430
34.375000 6.150830
34.400000 6.199446
34.425000 6.248284
34.450000 6.297356
34.475000 6.346672
34.500000 6.396240
34.525000 6.446072
34.550000 6.496179
34.575000 6.546573
34.600000 6.597265
34.625000 6.648267
34.650000 6.699592
34.675000 6.751254
34.700000 6.803267
34.725000 6.855644
34.750000 6.908401
34.775000 6.961553
34.800000 7.015117
34.825000 7.069109
34.850000 7.123548
34.875000 7.178450
34.900000 7.233837
34.925000 7.289727
34.950000 7.346142
34.975000 7.403103
35.000000 7.460634
35.025000 7.518758
35.050000 7.577500
35.075000 7.636888
35.100000 7.696947
35.125000 7.757707
35.150000 7.819199
35.175000 7.881454
35.200000 7.944505
35.225000 8.008388
35.250000 8.073140
35.275000 8.138798
35.300000 8.205405
35.325000 8.273003
35.350000 8.341638
35.375000 8.411357
35.400000 8.482211
35.425000 8.554254
35.450000 8.627543
35.475000 8.702136
35.500000 8.778098
35.525000 8.855495
35.550000 8.934398
35.575000 9.014884
35.600000 9.097033
35.625000 9.180929
35.650000 9.266664
35.675000 9.354335
35.700000 9.444044
35.725000 9.535902
35.750000 9.630027
35.775000 9.726544
35.800000 9.825588
35.825000 9.927304
35.850000 10.031845
35.875000 10.139379
35.900000 10.250085
35.925000 10.364154
35.950000 10.481795
35.975000 10.603231
36.000000 10.728705
36.025000 10.858478
36.050000 10.992835
36.075000 11.132084
36.100000 11.276559
36.125000 11.426627
36.150000 11.582685
36.175000 11.745168
36.200000 11.914552
36.225000 12.091359
36.250000 12.276161
36.275000 12.469590
36.300000 12.672342
36.325000 12.885185
36.350000 13.108973
36.375000 13.344649
36.400000 13.593269
36.425000 13.856004
36.450000 14.134171
36.475000 14.429241
36.500000 14.742872
36.525000 15.076932
36.550000 15.433535
36.575000 15.815080
36.600000 16.224298
36.625000 16.664306
36.650000 17.138677
36.675000 17.651520
36.700000 18.207576
36.725000 18.812332
36.750000 19.472166
36.775000 20.194514
36.800000 20.988076
36.825000 21.863058
36.850000 22.831470
36.875000 23.907474
36.900000 25.107787
36.925000 26.452150
36.950000 27.963829
36.975000 29.670137
37.000000 31.602881
37.025000 33.798608
37.050000 36.298400
37.075000 39.146793
37.100000 42.389165
37.125000 46.066611
37.150000 50.207121
37.175000 54.812037
37.200000 59.838170
37.225000 65.179218
37.250000 70.655014
37.275000 76.020268
37.300000 81.000340
37.325000 85.347567
37.350000 88.895906
37.375000 91.588714
37.400000 93.469741
37.425000 94.648228
37.450000 95.258537
37.475000 95.429747
37.500000 95.269934
37.525000 94.862219
37.550000 94.267360
37.575000 93.528691
37.600000 92.677016
37.625000 91.734549
37.650000 90.717740
37.675000 89.639197
37.700000 88.508934
37.725000 87.335166
37.750000 86.124823
37.775000 84.883868
37.800000 83.617514
37.825000 82.330361
37.850000 81.026496
37.875000 79.709558
37.900000 78.382793
37.925000 77.049098
37.950000 75.711047
37.975000 74.370926
38.000000 73.030758
38.025000 71.692321
38.050000 70.357176
38.075000 69.026679
38.100000 67.702003
38.125000 66.384152
38.150000 65.073978
38.175000 63.772195
38.200000 62.479391
38.225000 61.196038
38.250000 59.922506
38.275000 58.659073
38.300000 57.405928
38.325000 56.163186
38.350000 54.930888
38.375000 53.709008
38.400000 52.497460
38.425000 51.296095
38.450000 50.104707
38.475000 48.923030
38.500000 47.750739
38.525000 46.587447
38.550000 45.432697
38.575000 44.285965
38.600000 43.146646
38.625000 42.014051
38.650000 40.887396
38.675000 39.765794
38.700000 38.648243
38.725000 37.533618
38.750000 36.420658
38.775000 35.307958
38.800000 34.193952
38.825000 33.076913
38.850000 31.954934
38.875000 30.825932
38.900000 29.687636
38.925000 28.537595
38.950000 27.373178
38.975000 26.191594
39.000000 24.989914
39.025000 23.765112
39.050000 22.514121
39.075000 21.233921
39.100000 19.921644
39.125000 18.574737
39.150000 17.191150
39.175000 15.769596
39.200000 14.309853
39.225000 12.813130
39.250000 11.282467
39.275000 9.723156
39.300000 8.143122
39.325000 6.553200
39.350000 4.967206
39.375000 3.401713
39.400000 1.875433
39.425000 0.408173
39.450000 -0.980562
39.475000 -2.273171
39.500000 -3.455488
39.525000 -4.517961
39.550000 -5.456251
39.575000 -6.271155
39.600000 -6.967942
39.625000 -7.555283
39.650000 -8.044040
39.675000 -8.446103
39.700000 -8.773452
39.725000 -9.037466
39.750000 -9.248507
39.775000 -9.415703
39.800000 -9.546905
39.825000 -9.648737
39.850000 -9.726707
39.875000 -9.785345
39.900000 -9.828346
39.925000 -9.858707
39.950000 -9.878849
39.975000 -9.890718
40.000000 -9.895881
40.025000 -9.895592
40.050000 -9.890861
40.075000 -9.882495
40.100000 -9.871145
40.125000 -9.857332
40.150000 -9.841476
40.175000 -9.823915
40.200000 -9.804922
40.225000 -9.784718
40.250000 -9.763482
40.275000 -9.741356
40.300000 -9.718461
40.325000 -9.694889
40.350000 -9.670721
40.375000 -9.646019
40.400000 -9.620834
40.425000 -9.595211
40.450000 -9.569183
40.475000 -9.542779
40.500000 -9.516023
40.525000 -9.488934
40.550000 -9.461529
40.575000 -9.433820
40.600000 -9.405818
40.625000 -9.377533
40.650000 -9.348973
40.675000 -9.320142
40.700000 -9.291047
40.725000 -9.261692
40.750000 -9.232080
40.775000 -9.202215
40.800000 -9.172098
40.825000 -9.141733
40.850000 -9.111120
40.875000 -9.080261
40.900000 -9.049158
40.925000 -9.017812
40.950000 -8.986223
40.975000 -8.954392
41.000000 -8.922320
41.025000 -8.890007
41.050000 -8.857455
41.075000 -8.824663
41.100000 -8.791632
41.125000 -8.758362
41.150000 -8.724854
41.175000 -8.691108
41.200000 -8.657125
41.225000 -8.622904
41.250000 -8.588446
41.275000 -8.553753
41.300000 -8.518823
41.325000 -8.483657
41.350000 -8.448256
41.375000 -8.412620
41.400000 -8.376750
41.425000 -8.340646
41.450000 -8.304309
41.475000 -8.267739
41.500000 -8.230937
41.525000 -8.193903
41.550000 -8.156638
41.575000 -8.119142
41.600000 -8.081417
41.625000 -8.043462
41.650000 -8.005279
41.675000 -7.966869
41.700000 -7.928231
41.725000 -7.889368
41.750000 -7.850279
41.775000 -7.810967
41.800000 -7.771430
41.825000 -7.731671
41.850000 -7.691691
41.875000 -7.651490
41.900000 -7.611070
41.925000 -7.570432
41.950000 -7.529576
41.975000 -7.488504
42.000000 -7.447217
42.025000 -7.405716
42.050000 -7.364002
42.075000 -7.322077
42.100000 -7.279942
42.125000 -7.237599
42.150000 -7.195048
42.175000 -7.152291
42.200000 -7.109329
42.225000 -7.066164
42.250000 -7.022798
42.275000 -6.979231
42.300000 -6.935466
42.325000 -6.891503
42.350000 -6.847345
42.375000 -6.802993
42.400000 -6.758449
42.425000 -6.713715
42.450000 -6.668791
42.475000 -6.623681
42.500000 -6.578385
42.525000 -6.532906
42.550000 -6.487244
42.575000 -6.441403
42.600000 -6.395384
42.625000 -6.349189
42.650000 -6.302820
42.675000 -6.256278
42.700000 -6.209566
42.725000 -6.162686
42.750000 -6.115639
42.775000 -6.068428
42.800000 -6.021055
42.825000 -5.973522
42.850000 -5.925831
42.875000 -5.877985
42.900000 -5.829984
42.925000 -5.781832
42.950000 -5.733531
42.975000 -5.685083
43.000000 -5.636489
43.025000 -5.587754
43.050000 -5.538878
43.075000 -5.489863
43.100000 -5.440714
43.125000 -5.391430
43.150000 -5.342016
43.175000 -5.292473
43.200000 -5.242803
43.225000 -5.193010
43.250000 -5.143095
43.275000 -5.093061
43.300000 -5.042910
43.325000 -4.992644
43.350000 -4.942267
43.375000 -4.891781
43.400000 -4.841187
43.425000 -4.790489
43.450000 -4.739689
43.475000 -4.688789
43.500000 -4.637793
43.525000 -4.586701
43.550000 -4.535518
43.575000 -4.484245
43.600000 -4.432886
43.625000 -4.381441
43.650000 -4.329915
43.675000 -4.278309
43.700000 -4.226627
43.725000 -4.174870
43.750000 -4.123041
43.775000 -4.071143
43.800000 -4.019178
43.825000 -3.967148
43.850000 -3.915057
43.875000 -3.862907
43.900000 -3.810700
43.925000 -3.758438
43.950000 -3.706125
43.975000 -3.653763
44.000000 -3.601354
44.025000 -3.548901
44.050000 -3.496405
44.075000 -3.443871
44.100000 -3.391300
44.125000 -3.338694
44.150000 -3.286057
44.175000 -3.233390
44.200000 -3.180695
44.225000 -3.127976
44.250000 -3.075235
44.275000 -3.022474
44.300000 -2.969695
44.325000 -2.916901
44.350000 -2.864094
44.375000 -2.811277
44.400000 -2.758451
44.425000 -2.705619
44.450000 -2.652784
44.475000 -2.599947
44.500000 -2.547110
44.525000 -2.494277
44.550000 -2.441449
44.575000 -2.388628
44.600000 -2.335816
44.625000 -2.283016
44.650000 -2.230230
44.675000 -2.177459
44.700000 -2.124706
44.725000 -2.071973
44.750000 -2.019262
44.775000 -1.966574
44.800000 -1.913912
44.825000 -1.861278
44.850000 -1.808674
44.875000 -1.756100
44.900000 -1.703561
44.925000 -1.651056
44.950000 -1.598588
44.975000 -1.546159
45.000000 -1.493770
45.025000 -1.441423
45.050000 -1.389120
45.075000 -1.336863
45.100000 -1.284652
45.125000 -1.232491
45.150000 -1.180379
45.175000 -1.128319
45.200000 -1.076312
45.225000 -1.024360
45.250000 -0.972464
45.275000 -0.920625
45.300000 -0.868846
45.325000 -0.817126
45.350000 -0.765468
45.375000 -0.713873
45.400000 -0.662341
45.425000 -0.610875
45.450000 -0.559475
45.475000 -0.508143
45.500000 -0.456879
45.525000 -0.405685
45.550000 -0.354561
45.575000 -0.303509
45.600000 -0.252530
45.625000 -0.201624
45.650000 -0.150793
45.675000 -0.100036
45.700000 -0.049356
45.725000 0.001247
45.750000 0.051772
45.775000 0.102219
45.800000 0.152588
45.825000 0.202876
45.850000 0.253084
45.875000 0.303212
45.900000 0.353258
45.925000 0.403222
45.950000 0.453103
45.975000 0.502902
46.000000 0.552618
46.025000 0.602250
46.050000 0.651798
46.075000 0.701262
46.100000 0.750642
46.125000 0.799937
46.150000 0.849147
46.175000 0.898272
46.200000 0.947312
46.225000 0.996267
46.250000 1.045136
46.275000 1.093920
46.300000 1.142619
46.325000 1.191233
46.350000 1.239762
46.375000 1.288206
46.400000 1.336564
46.425000 1.384839
46.450000 1.433029
46.475000 1.481134
46.500000 1.529156
46.525000 1.577095
46.550000 1.624950
46.575000 1.672722
46.600000 1.720413
46.625000 1.768021
46.650000 1.815548
46.675000 1.862995
46.700000 1.910361
46.725000 1.957647
46.750000 2.004855
46.775000 2.051984
46.800000 2.099035
46.825000 2.146010
46.850000 2.192909
46.875000 2.239732
46.900000 2.286481
46.925000 2.333156
46.950000 2.379759
46.975000 2.426290
47.000000 2.472751
47.025000 2.519141
47.050000 2.565463
47.075000 2.611718
47.100000 2.657906
47.125000 2.704029
47.150000 2.750088
47.175000 2.796084
47.200000 2.842018
47.225000 2.887892
47.250000 2.933707
47.275000 2.979465
47.300000 3.025167
47.325000 3.070814
47.350000 3.116408
47.375000 3.161950
47.400000 3.207442
47.425000 3.252886
47.450000 3.298282
47.475000 3.343634
47.500000 3.388943
47.525000 3.434210
47.550000 3.479437
47.575000 3.524626
47.600000 3.569779
47.625000 3.614899
47.650000 3.659986
47.675000 3.705043
47.700000 3.750073
47.725000 3.795077
47.750000 3.840057
47.775000 3.885016
47.800000 3.929956
47.825000 3.974880
47.850000 4.019789
47.875000 4.064687
47.900000 4.109575
47.925000 4.154457
47.950000 4.199335
47.975000 4.244212
48.000000 4.289090
48.025000 4.333973
48.050000 4.378862
48.075000 4.423763
48.100000 4.468676
48.125000 4.513606
48.150000 4.558556
48.175000 4.603529
48.200000 4.648528
48.225000 4.693557
48.250000 4.738619
48.275000 4.783718
48.300000 4.828858
48.325000 4.874042
48.350000 4.919275
48.375000 4.964560
48.400000 5.009902
48.425000 5.055304
48.450000 5.100772
48.475000 5.146309
48.500000 5.191921
48.525000 5.237611
48.550000 5.283385
48.575000 5.329248
48.600000 5.375206
48.625000 5.421262
48.650000 5.467423
48.675000 5.513694
48.700000 5.560082
48.725000 5.606591
48.750000 5.653229
48.775000 5.700002
48.800000 5.746915
48.825000 5.793976
48.850000 5.841192
48.875000 5.888570
48.900000 5.936117
48.925000 5.983841
48.950000 6.031749
48.975000 6.079851
49.000000 6.128155
49.025000 6.176669
49.050000 6.225402
49.075000 6.274363
49.100000 6.323563
49.125000 6.373012
49.150000 6.422719
49.175000 6.472697
49.200000 6.522955
49.225000 6.573505
49.250000 6.624361
49.275000 6.675533
49.300000 6.727036
49.325000 6.778883
49.350000 6.831088
49.375000 6.883665
49.400000 6.936630
49.425000 6.989999
49.450000 7.043789
49.475000 7.098016
49.500000 7.152699
49.525000 7.207857
49.550000 7.263509
49.575000 7.319675
49.600000 7.376378
49.625000 7.433639
49.650000 7.491483
49.675000 7.549933
49.700000 7.609015
49.725000 7.668756
49.750000 7.729185
49.775000 7.790331
49.800000 7.852224
49.825000 7.914899
49.850000 7.978388
49.875000 8.042728
49.900000 8.107957
49.925000 8.174115
49.950000 8.241244
49.975000 8.309388
50.000000 8.378593
50.025000 8.448910
50.050000 8.520390
50.075000 8.593088
50.100000 8.667063
50.125000 8.742376
50.150000 8.819093
50.175000 8.897282
50.200000 8.977018
50.225000 9.058378
50.250000 9.141446
50.275000 9.226309
50.300000 9.313061
50.325000 9.401803
50.350000 9.492642
50.375000 9.585691
50.400000 9.681072
50.425000 9.778916
50.450000 9.879363
50.475000 9.982562
50.500000 10.088675
50.525000 10.197873
50.550000 10.310343
50.575000 10.426286
50.600000 10.545917
50.625000 10.669470
50.650000 10.797197
50.675000 10.929372
50.700000 11.066292
50.725000 11.208278
50.750000 11.355682
50.775000 11.508885
50.800000 11.668305
50.825000 11.834397
50.850000 12.007662
50.875000 12.188648
50.900000 12.377957
50.925000 12.576255
50.950000 12.784276
50.975000 13.002830
51.000000 13.232819
51.025000 13.475243
51.050000 13.731218
51.075000 14.001991
51.100000 14.288956
51.125000 14.593682
51.150000 14.917935
51.175000 15.263709
51.200000 15.633264
51.225000 16.029169
51.250000 16.454353
51.275000 16.912167
51.300000 17.406458
51.325000 17.941657
51.350000 18.522887
51.375000 19.156090
51.400000 19.848184
51.425000 20.607248
51.450000 21.442751
51.475000 22.365820
51.500000 23.389560
51.525000 24.529440
51.550000 25.803724
51.575000 27.233965
51.600000 28.845519
51.625000 30.668042
51.650000 32.735853
51.675000 35.087983
51.700000 37.767563
51.725000 40.820037
51.750000 44.289346
51.775000 48.210997
51.800000 52.600801
51.825000 57.438817
51.850000 62.650350
51.875000 68.090170
51.900000 73.540707
51.925000 78.734933
51.950000 83.405003
51.975000 87.341108
52.000000 90.434326
52.025000 92.684642
52.050000 94.175818
52.075000 95.035085
52.100000 95.396838
52.125000 95.380072
52.150000 95.079543
52.175000 94.565925
52.200000 93.890059
52.225000 93.088056
52.250000 92.185731
52.275000 91.201942
52.300000 90.150907
52.325000 89.043729
52.350000 87.889388
52.375000 86.695365
52.400000 85.468044
52.425000 84.212968
52.450000 82.935010
52.475000 81.638487
52.500000 80.327239
52.525000 79.004692
52.550000 77.673901
52.575000 76.337586
52.600000 74.998167
52.625000 73.657785
52.650000 72.318331
52.675000 70.981465
52.700000 69.648636
52.725000 68.321101
52.750000 66.999941
52.775000 65.686078
52.800000 64.380288
52.825000 63.083216
52.850000 61.795388
52.875000 60.517221
52.900000 59.249033
52.925000 57.991055
52.950000 56.743435
52.975000 55.506249
53.000000 54.279501
53.025000 53.063133
53.050000 51.857025
53.075000 50.660998
53.100000 49.474814
53.125000 48.298175
53.150000 47.130724
53.175000 45.972037
53.200000 44.821624
53.225000 43.678916
53.250000 42.543267
53.275000 41.413936
53.300000 40.290086
53.325000 39.170772
53.350000 38.054926
53.375000 36.941353
53.400000 35.828716
53.425000 34.715526
53.450000 33.600133
53.475000 32.480714
53.500000 31.355270
53.525000 30.221617
53.550000 29.077389
53.575000 27.920037
53.600000 26.746844
53.625000 25.554940
53.650000 24.341338
53.675000 23.102984
53.700000 21.836822
53.725000 20.539897
53.750000 19.209486
53.775000 17.843277
53.800000 16.439590
53.825000 14.997664
53.850000 13.517989
53.875000 12.002696
53.900000 10.455973
53.925000 8.884470
53.950000 7.297635
53.975000 5.707898
54.000000 4.130593
54.025000 2.583535
54.050000 1.086173
54.075000 -0.341653
54.100000 -1.681250
54.125000 -2.916670
54.150000 -4.036089
54.175000 -5.032695
54.200000 -5.904933
54.225000 -6.656094
54.250000 -7.293404
54.275000 -7.826852
54.300000 -8.267978
54.325000 -8.628824
54.350000 -8.921117
54.375000 -9.155733
54.400000 -9.342392
54.425000 -9.489540
54.450000 -9.604366
54.475000 -9.692882
54.500000 -9.760059
54.525000 -9.809964
54.550000 -9.845907
54.575000 -9.870562
54.600000 -9.886086
54.625000 -9.894214
54.650000 -9.896337
54.675000 -9.893573
54.700000 -9.886818
54.725000 -9.876792
54.750000 -9.864074
54.775000 -9.849127
54.800000 -9.832326
54.825000 -9.813973
54.850000 -9.794312
54.875000 -9.773538
54.900000 -9.751813
54.925000 -9.729264
54.950000 -9.705998
54.975000 -9.682101
55.000000 -9.657641
55.025000 -9.632676
55.050000 -9.607254
55.075000 -9.581411
55.100000 -9.555180
55.125000 -9.528586
55.150000 -9.501651
55.175000 -9.474392
55.200000 -9.446823
55.225000 -9.418958
55.250000 -9.390804
55.275000 -9.362372
55.300000 -9.333667
55.325000 -9.304695
55.350000 -9.275461
55.375000 -9.245969
55.400000 -9.216222
55.425000 -9.186222
55.450000 -9.155973
55.475000 -9.125476
55.500000 -9.094732
55.525000 -9.063743
55.550000 -9.032511
55.575000 -9.001035
55.600000 -8.969317
55.625000 -8.937358
55.650000 -8.905158
55.675000 -8.872718
55.700000 -8.840038
55.725000 -8.807119
55.750000 -8.773961
55.775000 -8.740564
55.800000 -8.706929
55.825000 -8.673057
55.850000 -8.638947
55.875000 -8.604601
55.900000 -8.570017
55.925000 -8.535198
55.950000 -8.500142
55.975000 -8.464851
56.000000 -8.429325
56.025000 -8.393565
56.050000 -8.357571
56.075000 -8.321342
56.100000 -8.284881
56.125000 -8.248188
56.150000 -8.211262
56.175000 -8.174105
56.200000 -8.136717
56.225000 -8.099099
56.250000 -8.061252
56.275000 -8.023176
56.300000 -7.984871
56.325000 -7.946340
56.350000 -7.907582
56.375000 -7.868599
56.400000 -7.829391
56.425000 -7.789959
56.450000 -7.750304
56.475000 -7.710428
56.500000 -7.670330
56.525000 -7.630012
56.550000 -7.589476
56.575000 -7.548721
56.600000 -7.507750
56.625000 -7.466564
56.650000 -7.425163
56.675000 -7.383549
56.700000 -7.341722
56.725000 -7.299686
56.750000 -7.257440
56.775000 -7.214985
56.800000 -7.172325
56.825000 -7.129458
56.850000 -7.086389
56.875000 -7.043116
56.900000 -6.999643
56.925000 -6.955970
56.950000 -6.912100
56.975000 -6.868033
57.000000 -6.823772
57.025000 -6.779318
57.050000 -6.734672
57.075000 -6.689837
57.100000 -6.644814
57.125000 -6.599604
57.150000 -6.554211
57.175000 -6.508634
57.200000 -6.462877
57.225000 -6.416941
57.250000 -6.370828
57.275000 -6.324540
57.300000 -6.278079
57.325000 -6.231446
57.350000 -6.184644
57.375000 -6.137675
57.400000 -6.090541
57.425000 -6.043244
57.450000 -5.995786
57.475000 -5.948168
57.500000 -5.900394
57.525000 -5.852465
57.550000 -5.804384
57.575000 -5.756152
57.600000 -5.707773
57.625000 -5.659247
57.650000 -5.610577
57.675000 -5.561767
57.700000 -5.512817
57.725000 -5.463730
57.750000 -5.414509
57.775000 -5.365156
57.800000 -5.315673
57.825000 -5.266062
57.850000 -5.216326
57.875000 -5.166468
57.900000 -5.116489
57.925000 -5.066392
57.950000 -5.016180
57.975000 -4.965855
58.000000 -4.915420
58.025000 -4.864876
58.050000 -4.814226
58.075000 -4.763474
58.100000 -4.712620
58.125000 -4.661669
58.150000 -4.610621
58.175000 -4.559481
58.200000 -4.508250
58.225000 -4.456930
58.250000 -4.405525
58.275000 -4.354037
58.300000 -4.302468
58.325000 -4.250821
58.350000 -4.199099
58.375000 -4.147303
58.400000 -4.095437
58.425000 -4.043503
58.450000 -3.991503
58.475000 -3.939441
58.500000 -3.887318
58.525000 -3.835137
58.550000 -3.782901
58.575000 -3.730612
58.600000 -3.678272
58.625000 -3.625885
58.650000 -3.573452
58.675000 -3.520976
58.700000 -3.468460
58.725000 -3.415905
58.750000 -3.363316
58.775000 -3.310693
58.800000 -3.258039
58.825000 -3.205357
58.850000 -3.152650
58.875000 -3.099918
58.900000 -3.047166
58.925000 -2.994395
58.950000 -2.941608
58.975000 -2.888807
59.000000 -2.835994
59.025000 -2.783172
59.050000 -2.730343
59.075000 -2.677509
59.100000 -2.624672
59.125000 -2.571835
59.150000 -2.519000
59.175000 -2.466169
59.200000 -2.413344
59.225000 -2.360528
59.250000 -2.307723
59.275000 -2.254929
59.300000 -2.202151
59.325000 -2.149390
59.350000 -2.096647
59.375000 -2.043925
59.400000 -1.991226
59.425000 -1.938552
59.450000 -1.885905
59.475000 -1.833286
59.500000 -1.780698
59.525000 -1.728143
59.550000 -1.675621
59.575000 -1.623136
59.600000 -1.570688
59.625000 -1.518281
59.650000 -1.465914
59.675000 -1.413590
59.700000 -1.361311
59.725000 -1.309079
59.750000 -1.256894
59.775000 -1.204759
59.800000 -1.152674
59.825000 -1.100642
59.850000 -1.048664
59.875000 -0.996742
59.900000 -0.944876
59.925000 -0.893069
59.950000 -0.841321
59.975000 -0.789634
60.000000 -0.738009
60.025000 -0.686448
60.050000 -0.634951
60.075000 -0.583520
60.100000 -0.532156
60.125000 -0.480860
60.150000 -0.429633
60.175000 -0.378476
60.200000 -0.327390
60.225000 -0.276377
60.250000 -0.225436
60.275000 -0.174570
60.300000 -0.123779
60.325000 -0.073063
60.350000 -0.022424
60.375000 0.028138
60.400000 0.078622
60.425000 0.129027
60.450000 0.179353
60.475000 0.229599
60.500000 0.279764
60.525000 0.329848
60.550000 0.379851
60.575000 0.429771
60.600000 0.479609
60.625000 0.529363
60.650000 0.579035
60.675000 0.628622
60.700000 0.678126
60.725000 0.727545
60.750000 0.776879
60.775000 0.826129
60.800000 0.875294
60.825000 0.924374
60.850000 0.973369
60.875000 1.022278
60.900000 1.071102
60.925000 1.119841
60.950000 1.168495
60.975000 1.217063
61.000000 1.265547
61.025000 1.313945
61.050000 1.362259
61.075000 1.410488
61.100000 1.458633
61.125000 1.506695
61.150000 1.554672
61.175000 1.602566
61.200000 1.650377
61.225000 1.698106
61.250000 1.745753
61.275000 1.793318
61.300000 1.840802
61.325000 1.888205
61.350000 1.935529
61.375000 1.982773
61.400000 2.029939
61.425000 2.077027
61.450000 2.124037
61.475000 2.170972
61.500000 2.217830
61.525000 2.264614
61.550000 2.311323
61.575000 2.357960
61.600000 2.404525
61.625000 2.451018
61.650000 2.497441
61.675000 2.543795
61.700000 2.590081
61.725000 2.636300
61.750000 2.682453
61.775000 2.728542
61.800000 2.774567
61.825000 2.820530
61.850000 2.866433
61.875000 2.912275
61.900000 2.958060
61.925000 3.003787
61.950000 3.049460
61.975000 3.095078
62.000000 3.140644
62.025000 3.186160
62.050000 3.231626
62.075000 3.277044
62.100000 3.322417
62.125000 3.367746
62.150000 3.413032
62.175000 3.458277
62.200000 3.503484
62.225000 3.548654
62.250000 3.593789
62.275000 3.638891
62.300000 3.683962
62.325000 3.729004
62.350000 3.774020
62.375000 3.819011
62.400000 3.863980
62.425000 3.908928
62.450000 3.953859
62.475000 3.998775
62.500000 4.043678
62.525000 4.088570
62.550000 4.133455
62.575000 4.178334
62.600000 4.223211
62.625000 4.268088
62.650000 4.312969
62.675000 4.357855
62.700000 4.402750
62.725000 4.447657
62.750000 4.492579
62.775000 4.537519
62.800000 4.582481
62.825000 4.627467
62.850000 4.672481
62.875000 4.717527
62.900000 4.762609
62.925000 4.807729
62.950000 4.852892
62.975000 4.898102
63.000000 4.943362
63.025000 4.988676
63.050000 5.034050
63.075000 5.079486
63.100000 5.124991
63.125000 5.170567
63.150000 5.216220
63.175000 5.261954
63.200000 5.307775
63.225000 5.353688
63.250000 5.399697
63.275000 5.445808
63.300000 5.492027
63.325000 5.538360
63.350000 5.584811
63.375000 5.631388
63.400000 5.678097
63.425000 5.724943
63.450000 5.771935
63.475000 5.819077
63.500000 5.866378
63.525000 5.913845
63.550000 5.961485
63.575000 6.009307
63.600000 6.057317
63.625000 6.105525
63.650000 6.153940
63.675000 6.202569
63.700000 6.251422
63.725000 6.300510
63.750000 6.349841
63.775000 6.399426
63.800000 6.449275
63.825000 6.499400
63.850000 6.549813
63.875000 6.600524
63.900000 6.651546
63.925000 6.702893
63.950000 6.754577
63.975000 6.806613
64.000000 6.859014
64.025000 6.911795
64.050000 6.964974
64.075000 7.018564
64.100000 7.072585
64.125000 7.127052
64.150000 7.181985
64.175000 7.237403
64.200000 7.293326
64.225000 7.349776
64.250000 7.406773
64.275000 7.464341
64.300000 7.522504
64.325000 7.581287
64.350000 7.640716
64.375000 7.700820
64.400000 7.761626
64.425000 7.823166
64.450000 7.885471
64.475000 7.948574
64.500000 8.012512
64.525000 8.077320
64.550000 8.143038
64.575000 8.209707
64.600000 8.277370
64.625000 8.346073
64.650000 8.415863
64.675000 8.486792
64.700000 8.558913
64.725000 8.632283
64.750000 8.706962
64.775000 8.783014
64.800000 8.860505
64.825000 8.939508
64.850000 9.020098
64.875000 9.102356
64.900000 9.186367
64.925000 9.272223
64.950000 9.360022
64.975000 9.449865
65.000000 9.541865
65.025000 9.636139
65.050000 9.732814
65.075000 9.832025
65.100000 9.933917
65.125000 10.038645
65.150000 10.146377
65.175000 10.257292
65.200000 10.371584
65.225000 10.489461
65.250000 10.611149
65.275000 10.736890
65.300000 10.866948
65.325000 11.001609
65.350000 11.141182
65.375000 11.286005
65.400000 11.436445
65.425000 11.592901
65.450000 11.755812
65.475000 11.925655
65.500000 12.102956
65.525000 12.288292
65.550000 12.482297
65.575000 12.685671
65.600000 12.899190
65.625000 13.123709
65.650000 13.360183
65.675000 13.609670
65.700000 13.873354
65.725000 14.152558
65.750000 14.448765
65.775000 14.763647
65.800000 15.099086
65.825000 15.457212
65.850000 15.840445
65.875000 16.251538
65.900000 16.693636
65.925000 17.170343
65.950000 17.685807
65.975000 18.244810
66.000000 18.852894
66.025000 19.516499
66.050000 20.243136
66.075000 21.041592
66.100000 21.922181
66.125000 22.897039
66.150000 23.980478
66.175000 25.189396
66.200000 26.543744
66.225000 28.067031
66.250000 29.786848
66.275000 31.735299
66.300000 33.949236
66.325000 36.470006
66.350000 39.342301
66.375000 42.611408
66.400000 46.317894
66.425000 50.488501
66.450000 55.122288
66.475000 60.172551
66.500000 65.528430
66.525000 71.005052
66.550000 76.353886
66.575000 81.300207
66.600000 85.600115
66.625000 89.094136
66.650000 91.732696
66.675000 93.564957
66.700000 94.702932
66.725000 95.281402
66.750000 95.428421
66.775000 95.250488
66.800000 94.829169
66.825000 94.223951
66.850000 93.477224
66.875000 92.619139
66.900000 91.671462
66.925000 90.650352
66.950000 89.568217
66.975000 88.434935
67.000000 87.258627
67.025000 86.046152
67.050000 84.803420
67.075000 83.535601
67.100000 82.247260
67.125000 80.942452
67.150000 79.624790
67.175000 78.297499
67.200000 76.963450
67.225000 75.625200
67.250000 74.285019
67.275000 72.944910
67.300000 71.606641
67.325000 70.271755
67.350000 68.941597
67.375000 67.617330
67.400000 66.299947
67.425000 64.990291
67.450000 63.689068
67.475000 62.396856
67.500000 61.114122
67.525000 59.841230
67.550000 58.578451
67.575000 57.325971
67.600000 56.083897
67.625000 54.852268
67.650000 53.631054
67.675000 52.420164
67.700000 51.219445
67.725000 50.028688
67.750000 48.847623
67.775000 47.675921
67.800000 46.513190
67.825000 45.358971
67.850000 44.212733
67.875000 43.073867
67.900000 41.941677
67.925000 40.815374
67.950000 39.694062
67.975000 38.576734
68.000000 37.462255
68.025000 36.349356
68.050000 35.236620
68.075000 34.122474
68.100000 33.005177
68.125000 31.882813
68.150000 30.753285
68.175000 29.614312
68.200000 28.463430
68.225000 27.297998
68.250000 26.115215
68.275000 24.912145
68.300000 23.685756
68.325000 22.432984
68.350000 21.150811
68.375000 19.836387
68.400000 18.487184
68.425000 17.101193
68.450000 15.677185
68.475000 14.215019
68.500000 12.716007
68.525000 11.183323
68.550000 9.622417
68.575000 8.041392
68.600000 6.451276
68.625000 4.866072
68.650000 3.302513
68.675000 1.779417
68.700000 0.316616
68.725000 -1.066457
68.750000 -2.352378
68.775000 -3.527247
68.800000 -4.581835
68.825000 -5.512142
68.850000 -6.319276
68.875000 -7.008758
68.900000 -7.589440
68.925000 -8.072278
68.950000 -8.469198
68.975000 -8.792155
69.000000 -9.052476
69.025000 -9.260447
69.050000 -9.425114
69.075000 -9.554248
69.100000 -9.654397
69.125000 -9.731002
69.150000 -9.788534
69.175000 -9.830642
69.200000 -9.860282
69.225000 -9.879839
69.250000 -9.891235
69.275000 -9.896014
69.300000 -9.895413
69.325000 -9.890426
69.350000 -9.881851
69.375000 -9.870329
69.400000 -9.856373
69.425000 -9.840398
69.450000 -9.822738
69.475000 -9.803662
69.500000 -9.783387
69.525000 -9.762089
69.550000 -9.739911
69.575000 -9.716969
69.600000 -9.693358
69.625000 -9.669153
69.650000 -9.644418
69.675000 -9.619205
69.700000 -9.593554
69.725000 -9.567502
69.750000 -9.541075
69.775000 -9.514297
69.800000 -9.487187
69.825000 -9.459762
69.850000 -9.432034
69.875000 -9.404014
69.900000 -9.375711
69.925000 -9.347133
69.950000 -9.318285
69.975000 -9.289173
70.000000 -9.259802
70.025000 -9.230174
70.050000 -9.200292
70.075000 -9.170159
70.100000 -9.139778
70.125000 -9.109149
70.150000 -9.078275
70.175000 -9.047157
70.200000 -9.015795
70.225000 -8.984190
70.250000 -8.952344
70.275000 -8.920256
70.300000 -8.887928
70.325000 -8.855361
70.350000 -8.822553
70.375000 -8.789507
70.400000 -8.756222
70.425000 -8.722699
70.450000 -8.688937
70.475000 -8.654939
70.500000 -8.620703
70.525000 -8.586230
70.550000 -8.551521
70.575000 -8.516576
70.600000 -8.481395
70.625000 -8.445979
70.650000 -8.410329
70.675000 -8.374443
70.700000 -8.338325
70.725000 -8.301972
70.750000 -8.265388
70.775000 -8.228570
70.800000 -8.191521
70.825000 -8.154242
70.850000 -8.116731
70.875000 -8.078991
70.900000 -8.041022
70.925000 -8.002824
70.950000 -7.964399
70.975000 -7.925747
71.000000 -7.886870
71.025000 -7.847767
71.050000 -7.808439
71.075000 -7.768889
71.100000 -7.729116
71.125000 -7.689121
71.150000 -7.648907
71.175000 -7.608472
71.200000 -7.567820
71.225000 -7.526950
71.250000 -7.485864
71.275000 -7.444563
71.300000 -7.403049
71.325000 -7.361322
71.350000 -7.319383
71.375000 -7.277235
71.400000 -7.234878
71.425000 -7.192314
71.450000 -7.149543
71.475000 -7.106569
71.500000 -7.063391
71.525000 -7.020011
71.550000 -6.976432
71.575000 -6.932654
71.600000 -6.888679
71.625000 -6.844509
71.650000 -6.800144
71.675000 -6.755588
71.700000 -6.710841
71.725000 -6.665906
71.750000 -6.620783
71.775000 -6.575476
71.800000 -6.529985
71.825000 -6.484312
71.850000 -6.438459
71.875000 -6.392429
71.900000 -6.346222
71.925000 -6.299842
71.950000 -6.253289
71.975000 -6.206566
72.000000 -6.159675
72.025000 -6.112618
72.050000 -6.065397
72.075000 -6.018014
72.100000 -5.970471
72.125000 -5.922770
72.150000 -5.874913
72.175000 -5.826903
72.200000 -5.778741
72.225000 -5.730430
72.250000 -5.681973
72.275000 -5.633370
72.300000 -5.584625
72.325000 -5.535740
72.350000 -5.486718
72.375000 -5.437559
72.400000 -5.388267
72.425000 -5.338845
72.450000 -5.289293
72.475000 -5.239616
72.500000 -5.189815
72.525000 -5.139892
72.550000 -5.089850
72.575000 -5.039692
72.600000 -4.989419
72.625000 -4.939035
72.650000 -4.888541
72.675000 -4.837941
72.700000 -4.787236
72.725000 -4.736430
72.750000 -4.685524
72.775000 -4.634521
72.800000 -4.583424
72.825000 -4.532235
72.850000 -4.480956
72.875000 -4.429591
72.900000 -4.378142
72.925000 -4.326610
72.950000 -4.274999
72.975000 -4.223312
73.000000 -4.171550
73.025000 -4.119717
73.050000 -4.067814
73.075000 -4.015845
73.100000 -3.963812
73.125000 -3.911717
73.150000 -3.859563
73.175000 -3.807352
73.200000 -3.755087
73.225000 -3.702771
73.250000 -3.650405
73.275000 -3.597994
73.300000 -3.545537
73.325000 -3.493040
73.350000 -3.440503
73.375000 -3.387930
73.400000 -3.335322
73.425000 -3.282682
73.450000 -3.230013
73.475000 -3.177317
73.500000 -3.124597
73.525000 -3.071854
73.550000 -3.019092
73.575000 -2.966312
73.600000 -2.913517
73.625000 -2.860710
73.650000 -2.807892
73.675000 -2.755065
73.700000 -2.702233
73.725000 -2.649397
73.750000 -2.596560
73.775000 -2.543724
73.800000 -2.490891
73.825000 -2.438063
73.850000 -2.385243
73.875000 -2.332432
73.900000 -2.279633
73.925000 -2.226847
73.950000 -2.174078
73.975000 -2.121326
74.000000 -2.068594
74.025000 -2.015884
74.050000 -1.963198
74.075000 -1.910538
74.100000 -1.857906
74.125000 -1.805303
74.150000 -1.752732
74.175000 -1.700195
74.200000 -1.647692
74.225000 -1.595227
74.250000 -1.542800
74.275000 -1.490414
74.300000 -1.438070
74.325000 -1.385770
74.350000 -1.333515
74.375000 -1.281308
74.400000 -1.229149
74.425000 -1.177041
74.450000 -1.124984
74.475000 -1.072981
74.500000 -1.021032
74.525000 -0.969140
74.550000 -0.917305
74.575000 -0.865529
74.600000 -0.813814
74.625000 -0.762159
74.650000 -0.710568
74.675000 -0.659041
74.700000 -0.607579
74.725000 -0.556183
74.750000 -0.504855
74.775000 -0.453596
74.800000 -0.402406
74.825000 -0.351287
74.850000 -0.300240
74.875000 -0.249265
74.900000 -0.198364
74.925000 -0.147537
74.950000 -0.096786
74.975000 -0.046111
75.000000 0.004487
75.025000 0.055008
75.050000 0.105450
75.075000 0.155813
75.100000 0.206096
75.125000 0.256299
75.150000 0.306421
75.175000 0.356462
75.200000 0.406421
75.225000 0.456297
75.250000 0.506091
75.275000 0.555801
75.300000 0.605428
75.325000 0.654971
75.350000 0.704429
75.375000 0.753804
75.400000 0.803093
75.425000 0.852298
75.450000 0.901417
75.475000 0.950452
75.500000 0.999401
75.525000 1.048265
75.550000 1.097044
75.575000 1.145737
75.600000 1.194346
75.625000 1.242869
75.650000 1.291307
75.675000 1.339661
75.700000 1.387930
75.725000 1.436114
75.750000 1.484214
75.775000 1.532231
75.800000 1.580164
75.825000 1.628014
75.850000 1.675781
75.875000 1.723466
75.900000 1.771069
75.925000 1.818591
75.950000 1.866033
75.975000 1.913393
76.000000 1.960675
76.025000 2.007877
76.050000 2.055001
76.075000 2.102048
76.100000 2.149018
76.125000 2.195912
76.150000 2.242730
76.175000 2.289474
76.200000 2.336145
76.225000 2.382743
76.250000 2.429270
76.275000 2.475726
76.300000 2.522112
76.325000 2.568430
76.350000 2.614680
76.375000 2.660864
76.400000 2.706983
76.425000 2.753037
76.450000 2.799029
76.475000 2.844960
76.500000 2.890830
76.525000 2.936642
76.550000 2.982396
76.575000 3.028094
76.600000 3.073737
76.625000 3.119328
76.650000 3.164867
76.675000 3.210356
76.700000 3.255796
76.725000 3.301190
76.750000 3.346539
76.775000 3.391845
76.800000 3.437109
76.825000 3.482334
76.850000 3.527521
76.875000 3.572672
76.900000 3.617789
76.925000 3.662874
76.950000 3.707930
76.975000 3.752958
77.000000 3.797960
77.025000 3.842939
77.050000 3.887897
77.075000 3.932836
77.100000 3.977758
77.125000 4.022667
77.150000 4.067564
77.175000 4.112452
77.200000 4.157333
77.225000 4.202211
77.250000 4.247088
77.275000 4.291966
77.300000 4.336849
77.325000 4.381740
77.350000 4.426641
77.375000 4.471555
77.400000 4.516487
77.425000 4.561438
77.450000 4.606412
77.475000 4.651413
77.500000 4.696444
77.525000 4.741508
77.550000 4.786610
77.575000 4.831752
77.600000 4.876939
77.625000 4.922175
77.650000 4.967464
77.675000 5.012809
77.700000 5.058216
77.725000 5.103688
77.750000 5.149230
77.775000 5.194846
77.800000 5.240542
77.825000 5.286322
77.850000 5.332191
77.875000 5.378154
77.900000 5.424217
77.925000 5.470385
77.950000 5.516664
77.975000 5.563059
78.000000 5.609576
78.025000 5.656223
78.050000 5.703004
78.075000 5.749926
78.100000 5.796997
78.125000 5.844223
78.150000 5.891612
78.175000 5.939170
78.200000 5.986905
78.225000 6.034826
78.250000 6.082941
78.275000 6.131258
78.300000 6.179785
78.325000 6.228532
78.350000 6.277509
78.375000 6.326725
78.400000 6.376190
78.425000 6.425914
78.450000 6.475909
78.475000 6.526185
78.500000 6.576755
78.525000 6.627631
78.550000 6.678824
78.575000 6.730348
78.600000 6.782218
78.625000 6.834446
78.650000 6.887048
78.675000 6.940038
78.700000 6.993434
78.725000 7.047251
78.750000 7.101507
78.775000 7.156220
78.800000 7.211408
78.825000 7.267093
78.850000 7.323293
78.875000 7.380031
78.900000 7.437329
78.925000 7.495210
78.950000 7.553700
78.975000 7.612824
79.000000 7.672608
79.025000 7.733082
79.050000 7.794275
79.075000 7.856217
79.100000 7.918943
79.125000 7.982486
79.150000 8.046882
79.175000 8.112169
79.200000 8.178388
79.225000 8.245580
79.250000 8.313791
79.275000 8.383066
79.300000 8.453456
79.325000 8.525012
79.350000 8.597790
79.375000 8.671849
79.400000 8.747250
79.425000 8.824059
79.450000 8.902345
79.475000 8.982183
79.500000 9.063650
79.525000 9.146830
79.550000 9.231811
79.575000 9.318688
79.600000 9.407561
79.625000 9.498538
79.650000 9.591732
79.675000 9.687267
79.700000 9.785274
79.725000 9.885893
79.750000 9.989274
79.775000 10.095578
79.800000 10.204981
79.825000 10.317667
79.850000 10.433840
79.875000 10.553715
79.900000 10.677527
79.925000 10.805531
79.950000 10.938001
79.975000 11.075236
80.000000 11.217558
80.025000 11.365322
80.050000 11.518911
80.075000 11.678744
80.100000 11.845281
80.125000 12.019023
80.150000 12.200524
80.175000 12.390389
80.200000 12.589287
80.225000 12.797957
80.250000 13.017216
80.275000 13.247971
80.300000 13.491229
80.325000 13.748114
80.350000 14.019880
80.375000 14.307935
80.400000 14.613857
80.425000 14.939427
80.450000 15.286654
80.475000 15.657817
80.500000 16.055506
80.525000 16.482676
80.550000 16.942707
80.575000 17.439480
80.600000 17.977468
80.625000 18.561841
80.650000 19.198599
80.675000 19.894729
80.700000 20.658392
80.725000 21.499154
80.750000 22.428258
80.775000 23.458951
80.800000 24.606864
80.825000 25.890459
80.850000 27.331516
80.875000 28.955653
80.900000 30.792816
80.925000 32.877629
80.950000 35.249414
80.975000 37.951521
81.000000 41.029436
81.025000 44.526811
81.050000 48.478279
81.075000 52.897889
81.100000 57.762769
81.125000 62.994091
81.150000 68.441828
81.175000 73.884251
81.200000 79.052597
81.225000 83.681007
81.250000 87.565160
81.275000 90.603283
81.300000 92.801757
81.325000 94.248381
81.350000 95.071814
81.375000 95.405976
81.400000 95.368453
81.425000 95.052385
81.450000 94.527027
81.475000 93.842124
81.500000 93.033006
81.525000 92.124954
81.550000 91.136469
81.575000 90.081529
81.600000 88.971078
81.625000 87.813982
81.650000 86.617644
81.675000 85.388386
81.700000 84.131704
81.725000 82.852433
81.750000 81.554855
81.775000 80.242785
81.800000 78.919621
81.825000 77.588398
81.850000 76.251815
81.875000 74.912272
81.900000 73.571896
81.925000 72.232560
81.950000 70.895912
81.975000 69.563386
82.000000 68.236229
82.025000 66.915510
82.050000 65.602143
82.075000 64.296894
82.100000 63.000400
82.125000 61.713180
82.150000 60.435643
82.175000 59.168104
82.200000 57.910786
82.225000 56.663834
82.250000 55.427317
82.275000 54.201237
82.300000 52.985530
82.325000 51.780074
82.350000 50.584686
82.375000 49.399123
82.400000 48.223084
82.425000 47.056208
82.450000 45.898067
82.475000 44.748165
82.500000 43.605931
82.525000 42.470709
82.550000 41.341756
82.575000 40.218226
82.600000 39.099167
82.625000 37.983505
82.650000 36.870033
82.675000 35.757407
82.700000 34.644128
82.725000 33.528533
82.750000 32.408790
82.775000 31.282887
82.800000 30.148629
82.825000 29.003638
82.850000 27.845355
82.875000 26.671049
82.900000 25.477845
82.925000 24.262750
82.950000 23.022705
82.975000 21.754658
83.000000 20.455665
83.025000 19.123024
83.050000 17.754455
83.075000 16.348329
83.100000 14.903954
83.125000 13.421912
83.150000 11.904455
83.175000 10.355916
83.200000 8.783116
83.225000 7.195690
83.250000 5.606261
83.275000 4.030337
83.300000 2.485870
83.325000 0.992373
83.350000 -0.430338
83.375000 -1.763699
83.400000 -2.991990
83.425000 -4.103686
83.450000 -5.092313
83.475000 -5.956646
83.500000 -6.700257
83.525000 -7.330589
83.550000 -7.857764
83.575000 -8.293384
83.600000 -8.649492
83.625000 -8.937773
83.650000 -9.169037
83.675000 -9.352924
83.700000 -9.497799
83.725000 -9.610770
83.750000 -9.697780
83.775000 -9.763736
83.800000 -9.812655
83.825000 -9.847800
83.850000 -9.871810
83.875000 -9.886812
83.900000 -9.894517
83.925000 -9.896295
83.950000 -9.893251
83.975000 -9.886267
84.000000 -9.876052
84.025000 -9.863178
84.050000 -9.848102
84.075000 -9.831194
84.100000 -9.812750
84.125000 -9.793012
84.150000 -9.772173
84.175000 -9.750391
84.200000 -9.727794
84.225000 -9.704485
84.250000 -9.680549
84.275000 -9.656056
84.300000 -9.631060
84.325000 -9.605610
84.350000 -9.579741
84.375000 -9.553486
84.400000 -9.526870
84.425000 -9.499913
84.450000 -9.472634
84.475000 -9.445046
84.500000 -9.417162
84.525000 -9.388990
84.550000 -9.360540
84.575000 -9.331818
84.600000 -9.302829
84.625000 -9.273579
84.650000 -9.244070
84.675000 -9.214307
84.700000 -9.184291
84.725000 -9.154026
84.750000 -9.123513
84.775000 -9.092754
84.800000 -9.061749
84.825000 -9.030501
84.850000 -8.999010
84.875000 -8.967276
84.900000 -8.935302
84.925000 -8.903086
84.950000 -8.870631
84.975000 -8.837935
85.000000 -8.805001
85.025000 -8.771827
85.050000 -8.738416
85.075000 -8.704766
85.100000 -8.670878
85.125000 -8.636753
85.150000 -8.602391
85.175000 -8.567793
85.200000 -8.532958
85.225000 -8.497887
85.250000 -8.462582
85.275000 -8.427041
85.300000 -8.391265
85.325000 -8.355256
85.350000 -8.319013
85.375000 -8.282537
85.400000 -8.245828
85.425000 -8.208887
85.450000 -8.171716
85.475000 -8.134313
85.500000 -8.096680
85.525000 -8.058818
85.550000 -8.020728
85.575000 -7.982409
85.600000 -7.943863
85.625000 -7.905091
85.650000 -7.866093
85.675000 -7.826871
85.700000 -7.787425
85.725000 -7.747756
85.750000 -7.707865
85.775000 -7.667753
85.800000 -7.627421
85.825000 -7.586870
85.850000 -7.546102
85.875000 -7.505117
85.900000 -7.463917
85.925000 -7.422502
85.950000 -7.380874
85.975000 -7.339035
86.000000 -7.296984
86.025000 -7.254725
86.050000 -7.212257
86.075000 -7.169583
86.100000 -7.126704
86.125000 -7.083621
86.150000 -7.040336
86.175000 -6.996850
86.200000 -6.953165
86.225000 -6.909282
86.250000 -6.865203
86.275000 -6.820929
86.300000 -6.776462
86.325000 -6.731805
86.350000 -6.686957
86.375000 -6.641922
86.400000 -6.596701
86.425000 -6.551295
86.450000 -6.505707
86.475000 -6.459939
86.500000 -6.413991
86.525000 -6.367867
86.550000 -6.321568
86.575000 -6.275095
86.600000 -6.228452
86.625000 -6.181639
86.650000 -6.134660
86.675000 -6.087515
86.700000 -6.040207
86.725000 -5.992739
86.750000 -5.945111
86.775000 -5.897327
86.800000 -5.849388
86.825000 -5.801297
86.850000 -5.753056
86.875000 -5.704667
86.900000 -5.656132
86.925000 -5.607454
86.950000 -5.558634
86.975000 -5.509675
87.000000 -5.460580
87.025000 -5.411350
87.050000 -5.361988
87.075000 -5.312497
87.100000 -5.262878
87.125000 -5.213135
87.150000 -5.163268
87.175000 -5.113282
87.200000 -5.063178
87.225000 -5.012959
87.250000 -4.962626
87.275000 -4.912184
87.300000 -4.861633
87.325000 -4.810977
87.350000 -4.760218
87.375000 -4.709358
87.400000 -4.658400
87.425000 -4.607347
87.450000 -4.556200
87.475000 -4.504963
87.500000 -4.453638
87.525000 -4.402228
87.550000 -4.350735
87.575000 -4.299161
87.600000 -4.247509
87.625000 -4.195782
87.650000 -4.143981
87.675000 -4.092111
87.700000 -4.040172
87.725000 -3.988169
87.750000 -3.936102
87.775000 -3.883976
87.800000 -3.831791
87.825000 -3.779551
87.850000 -3.727259
87.875000 -3.674916
87.900000 -3.622526
87.925000 -3.570090
87.950000 -3.517611
87.975000 -3.465093
88.000000 -3.412536
88.025000 -3.359944
88.050000 -3.307319
88.075000 -3.254664
88.100000 -3.201980
88.125000 -3.149271
88.150000 -3.096538
88.175000 -3.043785
88.200000 -2.991013
88.225000 -2.938225
88.250000 -2.885423
88.275000 -2.832609
88.300000 -2.779787
88.325000 -2.726957
88.350000 -2.674123
88.375000 -2.621286
88.400000 -2.568449
88.425000 -2.515614
88.450000 -2.462784
88.475000 -2.409959
88.500000 -2.357144
88.525000 -2.304339
88.550000 -2.251547
88.575000 -2.198769
88.600000 -2.146009
88.625000 -2.093268
88.650000 -2.040547
88.675000 -1.987850
88.700000 -1.935177
88.725000 -1.882532
88.750000 -1.829915
88.775000 -1.777329
88.800000 -1.724776
88.825000 -1.672257
88.850000 -1.619774
88.875000 -1.567329
88.900000 -1.514923
88.925000 -1.462559
88.950000 -1.410238
88.975000 -1.357962
89.000000 -1.305733
89.025000 -1.253551
89.050000 -1.201419
89.075000 -1.149338
89.100000 -1.097310
89.125000 -1.045335
89.150000 -0.993416
89.175000 -0.941554
89.200000 -0.889751
89.225000 -0.838007
89.250000 -0.786324
89.275000 -0.734703
89.300000 -0.683145
89.325000 -0.631653
89.350000 -0.580226
89.375000 -0.528866
89.400000 -0.477574
89.425000 -0.426352
89.450000 -0.375200
89.475000 -0.324119
89.500000 -0.273110
89.525000 -0.222174
89.550000 -0.171313
89.575000 -0.120526
89.600000 -0.069815
89.625000 -0.019181
89.650000 0.031376
89.675000 0.081855
89.700000 0.132255
89.725000 0.182576
89.750000 0.232816
89.775000 0.282977
89.800000 0.333055
89.825000 0.383053
89.850000 0.432968
89.875000 0.482800
89.900000 0.532549
89.925000 0.582215
89.950000 0.631797
89.975000 0.681295
90.000000 0.730709
90.025000 0.780038
90.050000 0.829283
90.075000 0.878442
90.100000 0.927516
90.125000 0.976506
90.150000 1.025410
90.175000 1.074228
90.200000 1.122962
90.225000 1.171610
90.250000 1.220173
90.275000 1.268651
90.300000 1.317044
90.325000 1.365352
90.350000 1.413576
90.375000 1.461716
90.400000 1.509772
90.425000 1.557744
90.450000 1.605633
90.475000 1.653439
90.500000 1.701162
90.525000 1.748803
90.550000 1.796363
90.575000 1.843842
90.600000 1.891241
90.625000 1.938559
90.650000 1.985798
90.675000 2.032959
90.700000 2.080042
90.725000 2.127048
90.750000 2.173977
90.775000 2.220831
90.800000 2.267609
90.825000 2.314314
90.850000 2.360946
90.875000 2.407506
90.900000 2.453995
90.925000 2.500414
90.950000 2.546763
90.975000 2.593045
91.000000 2.639260
91.025000 2.685409
91.050000 2.731494
91.075000 2.777515
91.100000 2.823474
91.125000 2.869372
91.150000 2.915211
91.175000 2.960992
91.200000 3.006716
91.225000 3.052385
91.250000 3.098000
91.275000 3.143563
91.300000 3.189075
91.325000 3.234538
91.350000 3.279954
91.375000 3.325323
91.400000 3.370649
91.425000 3.415933
91.450000 3.461176
91.475000 3.506380
91.500000 3.551548
91.525000 3.596680
91.550000 3.641780
91.575000 3.686850
91.600000 3.731890
91.625000 3.776904
91.650000 3.821893
91.675000 3.866861
91.700000 3.911808
91.725000 3.956738
91.750000 4.001653
91.775000 4.046555
91.800000 4.091447
91.825000 4.136331
91.850000 4.181210
91.875000 4.226087
91.900000 4.270965
91.925000 4.315845
91.950000 4.360732
91.975000 4.405628
92.000000 4.450535
92.025000 4.495458
92.050000 4.540400
92.075000 4.585363
92.100000 4.630351
92.125000 4.675367
92.150000 4.720416
92.175000 4.765499
92.200000 4.810622
92.225000 4.855788
92.250000 4.901001
92.275000 4.946264
92.300000 4.991582
92.325000 5.036960
92.350000 5.082401
92.375000 5.127909
92.400000 5.173490
92.425000 5.219148
92.450000 5.264888
92.475000 5.310715
92.500000 5.356633
92.525000 5.402649
92.550000 5.448767
92.575000 5.494993
92.600000 5.541333
92.625000 5.587793
92.650000 5.634378
92.675000 5.681095
92.700000 5.727951
92.725000 5.774951
92.750000 5.822104
92.775000 5.869415
92.800000 5.916893
92.825000 5.964545
92.850000 6.012378
92.875000 6.060401
92.900000 6.108622
92.925000 6.157050
92.950000 6.205693
92.975000 6.254561
93.000000 6.303664
93.025000 6.353011
93.050000 6.402612
93.075000 6.452479
93.100000 6.502622
93.125000 6.553054
93.150000 6.603784
93.175000 6.654827
93.200000 6.706195
93.225000 6.757901
93.250000 6.809960
93.275000 6.862385
93.300000 6.915191
93.325000 6.968396
93.350000 7.022013
93.375000 7.076062
93.400000 7.130558
93.425000 7.185522
93.450000 7.240972
93.475000 7.296928
93.500000 7.353412
93.525000 7.410445
93.550000 7.468050
93.575000 7.526252
93.600000 7.585076
93.625000 7.644548
93.650000 7.704695
93.675000 7.765548
93.700000 7.827135
93.725000 7.889490
93.750000 7.952646
93.775000 8.016638
93.800000 8.081504
93.825000 8.147282
93.850000 8.214013
93.875000 8.281741
93.900000 8.350512
93.925000 8.420374
93.950000 8.491378
93.975000 8.563577
94.000000 8.637030
94.025000 8.711795
94.050000 8.787936
94.075000 8.865522
94.100000 8.944624
94.125000 9.025319
94.150000 9.107686
94.175000 9.191813
94.200000 9.277791
94.225000 9.365717
94.250000 9.455695
94.275000 9.547838
94.300000 9.642262
94.325000 9.739095
94.350000 9.838473
94.375000 9.940542
94.400000 10.045458
94.425000 10.153388
94.450000 10.264514
94.475000 10.379029
94.500000 10.497143
94.525000 10.619083
94.550000 10.745092
94.575000 10.875437
94.600000 11.010403
94.625000 11.150302
94.650000 11.295474
94.675000 11.446287
94.700000 11.603143
94.725000 11.766483
94.750000 11.936788
94.775000 12.114587
94.800000 12.300458
94.825000 12.495042
94.850000 12.699042
94.875000 12.913239
94.900000 13.138495
94.925000 13.375770
94.950000 13.626130
94.975000 13.890767
95.000000 14.171014
95.025000 14.468367
95.050000 14.784507
95.075000 15.121333
95.100000 15.480992
95.125000 15.865924
95.150000 16.278905
95.175000 16.723108
95.200000 17.202169
95.225000 17.720271
95.250000 18.282245
95.275000 18.893684
95.300000 19.561091
95.325000 20.292052
95.350000 21.095445
95.375000 21.981690
95.400000 22.963052
95.425000 24.053996
95.450000 25.271601
95.475000 26.636030
95.500000 28.171039
95.525000 29.904496
95.550000 31.868805
95.575000 34.101122
95.600000 36.643056
95.625000 39.539440
95.650000 42.835451
95.675000 46.571093
95.700000 50.771799
95.725000 55.434272
95.750000 60.508213
95.775000 65.878161
95.800000 71.354576
95.825000 76.685840
95.850000 81.597388
95.875000 85.849314
95.900000 89.288816
95.925000 91.873345
95.950000 93.657315
95.975000 94.755342
96.000000 95.302503
96.025000 95.425769
96.050000 95.230049
96.075000 94.795369
96.100000 94.179964
96.125000 93.425304
96.150000 92.560895
96.175000 91.608076
96.200000 90.582714
96.225000 89.497027
96.250000 88.360759
96.275000 87.181940
96.300000 85.967357
96.325000 84.722869
96.350000 83.453604
96.375000 82.164091
96.400000 80.858355
96.425000 79.539984
96.450000 78.212176
96.475000 76.877785
96.500000 75.539346
96.525000 74.199112
96.550000 72.859071
96.575000 71.520974
96.600000 70.186353
96.625000 68.856540
96.650000 67.532686
96.675000 66.215774
96.700000 64.906639
96.725000 63.605977
96.750000 62.314359
96.775000 61.032246
96.800000 59.759996
96.825000 58.497872
96.850000 57.246056
96.875000 56.004652
96.900000 54.773691
96.925000 53.553143
96.950000 52.342909
96.975000 51.142836
97.000000 49.952709
97.025000 48.772254
97.050000 47.601140
97.075000 46.438969
97.100000 45.285278
97.125000 44.139532
97.150000 43.001115
97.175000 41.869327
97.200000 40.743372
97.225000 39.622347
97.250000 38.505236
97.275000 37.390898
97.300000 36.278054
97.325000 35.165277
97.350000 34.050983
97.375000 32.933420
97.400000 31.810662
97.425000 30.680599
97.450000 29.540939
97.475000 28.389205
97.500000 27.222747
97.525000 26.038753
97.550000 24.834280
97.575000 23.606293
97.600000 22.351725
97.625000 21.067568
97.650000 19.750988
97.675000 18.399480
97.700000 17.011079
97.725000 15.584617
97.750000 14.120032
97.775000 12.618745
97.800000 11.084063
97.825000 9.521594
97.850000 7.939624
97.875000 6.349371
97.900000 4.765027
97.925000 3.203480
97.950000 1.683649
97.975000 0.225388
98.000000 -1.151951
98.025000 -2.431127
98.050000 -3.598510
98.075000 -4.645198
98.100000 -5.567525
98.125000 -6.366912
98.150000 -7.049128
98.175000 -7.623194
98.200000 -8.100164
98.225000 -8.491989
98.250000 -8.810602
98.275000 -9.067272
98.300000 -9.272209
98.325000 -9.434380
98.350000 -9.561473
98.375000 -9.659960
98.400000 -9.735218
98.425000 -9.791661
98.450000 -9.832887
98.475000 -9.861815
98.500000 -9.880796
98.525000 -9.891726
98.550000 -9.896125
98.575000 -9.895215
98.600000 -9.889977
98.625000 -9.881195
98.650000 -9.869502
98.675000 -9.855406
98.700000 -9.839314
98.725000 -9.821555
98.750000 -9.802396
98.775000 -9.782051
98.800000 -9.760693
98.825000 -9.738463
98.850000 -9.715475
98.875000 -9.691823
98.900000 -9.667583
98.925000 -9.642816
98.950000 -9.617574
98.975000 -9.591897
99.000000 -9.565819
99.025000 -9.539369
99.050000 -9.512569
99.075000 -9.485439
99.100000 -9.457994
99.125000 -9.430247
99.150000 -9.402209
99.175000 -9.373888
99.200000 -9.345292
99.225000 -9.316427
99.250000 -9.287299
99.275000 -9.257911
99.300000 -9.228266
99.325000 -9.198368
99.350000 -9.168220
99.375000 -9.137823
99.400000 -9.107178
99.425000 -9.076288
99.450000 -9.045154
99.475000 -9.013776
99.500000 -8.982156
99.525000 -8.950294
99.550000 -8.918192
99.575000 -8.885848
99.600000 -8.853265
99.625000 -8.820443
99.650000 -8.787381
99.675000 -8.754081
99.700000 -8.720542
99.725000 -8.686766
99.750000 -8.652752
99.775000 -8.618501
99.800000 -8.584013
99.825000 -8.549289
99.850000 -8.514328
99.875000 -8.479132
99.900000 -8.443701
99.925000 -8.408036
99.950000 -8.372136
99.975000 -8.336002
100.000000 -8.299635
